343
16 1480 290 1475 290 1472 288 1474 289 1479 289 1481 285 1476 284 1472 281 1476 278 1481 278 1481 281 1477 278 1473 281 1478 283 1482 285 1481 290
5 1476 423 1473 425 1474 420 1478 418 1476 422
5 1464 415 1462 420 1459 425 1459 427 1454 427
12 1461 290 1456 290 1453 287 1456 284 1461 284 1462 280 1457 279 1456 278 1461 278 1464 282 1464 287 1465 290
13 1445 455 1440 455 1436 452 1436 447 1439 443 1444 443 1447 441 1444 438 1448 439 1448 444 1448 449 1448 454 1447 455
16 1448 547 1447 552 1444 552 1441 551 1438 554 1437 549 1436 544 1436 542 1437 543 1438 548 1440 549 1443 546 1446 549 1447 544 1447 542 1448 544
3 1442 323 1440 320 1444 321
15 1427 323 1429 319 1429 314 1425 312 1421 316 1421 321 1421 323 1420 322 1420 317 1420 312 1421 311 1426 311 1430 313 1430 318 1431 323
5 1429 512 1429 517 1429 522 1426 526 1421 526
17 1426 224 1428 220 1428 215 1424 213 1420 217 1420 222 1420 224 1419 223 1419 218 1419 213 1419 208 1420 207 1420 212 1425 212 1429 215 1429 220 1431 224
4 1427 411 1423 415 1423 420 1427 422
15 1426 455 1428 451 1428 446 1424 444 1420 448 1420 453 1420 455 1419 454 1419 449 1419 444 1420 443 1425 443 1429 445 1429 450 1430 455
8 1430 552 1425 554 1420 553 1418 548 1420 543 1425 542 1430 544 1431 549
5 1423 291 1420 293 1421 288 1425 286 1423 290
4 1410 279 1406 283 1406 288 1410 290
8 1413 321 1408 323 1403 322 1401 317 1403 312 1408 311 1413 313 1414 318
12 1409 422 1404 422 1401 419 1404 416 1409 416 1410 412 1405 411 1404 410 1409 410 1412 414 1412 419 1413 422
12 1409 455 1404 455 1401 452 1404 449 1409 449 1410 445 1405 444 1404 443 1409 443 1412 447 1412 452 1413 455
15 1409 521 1411 517 1411 512 1407 510 1403 514 1403 519 1403 521 1402 520 1402 515 1402 510 1403 509 1408 509 1412 511 1412 516 1413 521
4 1410 543 1406 547 1406 552 1410 554
16 1410 224 1405 224 1402 222 1404 223 1409 223 1411 219 1406 218 1402 215 1406 212 1411 212 1411 215 1407 212 1403 215 1408 217 1412 219 1411 224
13 1391 218 1386 218 1386 222 1391 223 1396 222 1391 224 1386 224 1383 220 1383 215 1387 212 1392 212 1395 216 1393 218
13 1391 284 1386 284 1386 288 1391 289 1396 288 1391 290 1386 290 1383 286 1383 281 1387 278 1392 278 1395 282 1393 284
13 1391 416 1386 416 1386 420 1391 421 1396 420 1391 422 1386 422 1383 418 1383 413 1387 410 1392 410 1395 414 1393 416
17 1391 554 1393 550 1393 545 1389 543 1385 547 1385 552 1385 554 1384 553 1384 548 1384 543 1384 538 1385 537 1385 542 1390 542 1394 545 1394 550 1396 554
31 1378 519 1378 514 1376 510 1373 514 1373 519 1373 521 1372 517 1372 512 1368 511 1367 516 1368 521 1363 521 1360 519 1360 514 1358 510 1355 514 1355 519 1355 521 1354 517 1354 512 1350 511 1349 516 1350 521 1347 521 1348 516 1348 511 1348 509 1353 509 1358 509 1361 512 1361 517
4 1375 213 1371 217 1371 222 1375 224
17 1374 290 1376 286 1376 281 1372 279 1368 283 1368 288 1368 290 1367 289 1367 284 1367 279 1367 274 1368 273 1368 278 1373 278 1377 281 1377 286 1379 290
15 1374 356 1376 352 1376 347 1372 345 1368 349 1368 354 1368 356 1367 355 1367 350 1367 345 1368 344 1373 344 1377 346 1377 351 1378 356
8 1374 554 1369 553 1369 548 1369 543 1368 542 1369 537 1370 541 1375 542
16 1375 455 1370 455 1367 453 1369 454 1374 454 1376 450 1371 449 1367 446 1371 443 1376 443 1376 446 1372 443 1368 446 1373 448 1377 450 1376 455
12 1357 323 1352 323 1349 320 1352 317 1357 317 1358 313 1353 312 1352 311 1357 311 1360 315 1360 320 1361 323
13 1357 422 1352 422 1348 419 1348 414 1351 410 1356 410 1359 408 1356 405 1360 406 1360 411 1360 416 1360 421 1359 422
3 1356 207 1354 212 1359 212
8 1356 290 1351 289 1351 284 1351 279 1350 278 1351 273 1352 277 1357 278
8 1360 354 1355 356 1350 355 1348 350 1350 345 1355 344 1360 346 1361 351
20 1343 321 1343 316 1341 312 1338 316 1338 321 1338 323 1337 319 1337 314 1333 313 1332 318 1333 323 1330 323 1331 318 1331 313 1331 311 1336 311 1341 311 1344 314 1344 319 1346 323
12 1339 224 1334 224 1331 221 1334 218 1339 218 1340 214 1335 213 1334 212 1339 212 1342 216 1342 221 1343 224
8 1343 288 1338 290 1333 289 1331 284 1333 279 1338 278 1343 280 1344 285
13 1339 416 1334 416 1334 420 1339 421 1344 420 1339 422 1334 422 1331 418 1331 413 1335 410 1340 410 1343 414 1341 416
4 1340 444 1336 448 1336 453 1340 455
8 1343 552 1338 554 1333 553 1331 548 1333 543 1338 542 1343 544 1344 549
8 1286 422 1281 421 1281 416 1281 411 1280 410 1281 405 1282 409 1287 410
8 1290 519 1285 521 1280 520 1278 515 1280 510 1285 509 1290 511 1291 516
8 1286 554 1281 553 1281 548 1281 543 1280 542 1281 537 1282 541 1287 542
5 1272 448 1270 453 1267 458 1267 460 1262 460
8 1273 288 1268 290 1263 289 1261 284 1263 279 1268 278 1273 280 1274 285
15 1269 323 1271 319 1271 314 1267 312 1263 316 1263 321 1263 323 1262 322 1262 317 1262 312 1263 311 1268 311 1272 313 1272 318 1273 323
4 1270 510 1266 514 1266 519 1270 521
13 1270 554 1265 554 1261 550 1262 545 1266 542 1271 542 1273 545 1268 542 1263 545 1262 550 1267 554 1272 552 1272 553
16 1270 356 1265 356 1262 354 1264 355 1269 355 1271 351 1266 350 1262 347 1266 344 1271 344 1271 347 1267 344 1263 347 1268 349 1272 351 1271 356
3 1267 257 1265 254 1269 255
14 1251 224 1246 224 1244 219 1244 214 1244 212 1245 216 1245 221 1250 223 1253 219 1253 214 1251 212 1254 214 1254 219 1255 224
8 1251 290 1246 289 1246 284 1246 279 1245 278 1246 273 1247 277 1252 278
15 1251 356 1253 352 1253 347 1249 345 1245 349 1245 354 1245 356 1244 355 1244 350 1244 345 1245 344 1250 344 1254 346 1254 351 1255 356
13 1251 416 1246 416 1246 420 1251 421 1256 420 1251 422 1246 422 1243 418 1243 413 1247 410 1252 410 1255 414 1253 416
10 1256 518 1251 521 1246 520 1245 525 1246 526 1241 526 1244 523 1244 518 1244 513 1242 509
13 1251 548 1246 548 1246 552 1251 553 1256 552 1251 554 1246 554 1243 550 1243 545 1247 542 1252 542 1255 546 1253 548
4 1253 245 1251 246 1251 241 1254 240
4 1247 245 1245 246 1245 241 1248 240
20 1238 453 1238 448 1236 444 1233 448 1233 453 1233 455 1232 451 1232 446 1228 445 1227 450 1228 455 1225 455 1226 450 1226 445 1226 443 1231 443 1236 443 1239 446 1239 451 1241 455
8 1239 221 1234 224 1229 223 1224 224 1227 221 1227 216 1227 211 1225 207
8 1239 419 1234 422 1229 421 1224 422 1227 419 1227 414 1227 409 1225 405
10 1239 551 1234 554 1229 553 1228 558 1229 559 1224 559 1227 556 1227 551 1227 546 1225 542
16 1235 257 1230 257 1227 255 1229 256 1234 256 1236 252 1231 251 1227 248 1231 245 1236 245 1236 248 1232 245 1228 248 1233 250 1237 252 1236 257
8 1216 290 1211 289 1211 284 1211 279 1210 278 1211 273 1212 277 1217 278
14 1216 455 1211 455 1209 450 1209 445 1209 443 1210 447 1210 452 1215 454 1218 450 1218 445 1216 443 1219 445 1219 450 1220 455
12 1216 521 1211 521 1208 518 1211 515 1216 515 1217 511 1212 510 1211 509 1216 509 1219 513 1219 518 1220 521
13 1216 547 1219 552 1218 554 1217 552 1212 551 1211 554 1208 553 1213 548 1209 543 1212 542 1215 546 1216 542 1221 542
16 1217 323 1212 323 1209 321 1211 322 1216 322 1218 318 1213 317 1209 314 1213 311 1218 311 1218 314 1214 311 1210 314 1215 316 1219 318 1218 323
4 1200 246 1196 250 1196 255 1200 257
14 1199 290 1194 290 1192 285 1192 280 1192 278 1193 282 1193 287 1198 289 1201 285 1201 280 1199 278 1202 280 1202 285 1203 290
14 1199 323 1194 323 1192 318 1192 313 1192 311 1193 315 1193 320 1198 322 1201 318 1201 313 1199 311 1202 313 1202 318 1203 323
8 1199 356 1194 355 1194 350 1194 345 1193 344 1194 339 1195 343 1200 344
8 1203 420 1198 422 1193 421 1191 416 1193 411 1198 410 1203 412 1204 417
13 1199 548 1194 548 1194 552 1199 553 1204 552 1199 554 1194 554 1191 550 1191 545 1195 542 1200 542 1203 546 1201 548
5 1196 225 1193 227 1194 222 1198 220 1196 224
8 1186 221 1181 224 1176 223 1171 224 1174 221 1174 216 1174 211 1172 207
14 1181 257 1176 257 1174 252 1174 247 1174 245 1175 249 1175 254 1180 256 1183 252 1183 247 1181 245 1184 247 1184 252 1185 257
10 1186 287 1181 290 1176 289 1175 294 1176 295 1171 295 1174 292 1174 287 1174 282 1172 278
8 1185 321 1180 323 1175 322 1173 317 1175 312 1180 311 1185 313 1186 318
8 1181 422 1176 421 1176 416 1176 411 1175 410 1176 405 1177 409 1182 410
13 1182 455 1177 455 1173 451 1174 446 1178 443 1183 443 1185 446 1180 443 1175 446 1174 451 1179 455 1184 453 1184 454
15 1181 521 1183 517 1183 512 1179 510 1175 514 1175 519 1175 521 1174 520 1174 515 1174 510 1175 509 1180 509 1184 511 1184 516 1185 521
5 1180 344 1178 347 1178 342 1179 339 1181 342
13 1165 554 1160 554 1156 551 1156 546 1159 542 1164 542 1167 540 1164 537 1168 538 1168 543 1168 548 1168 553 1167 554
8 1168 222 1163 224 1158 223 1156 218 1158 213 1163 212 1168 214 1169 219
8 1164 257 1159 256 1159 251 1159 246 1158 245 1159 240 1160 244 1165 245
15 1164 290 1166 286 1166 281 1162 279 1158 283 1158 288 1158 290 1157 289 1157 284 1157 279 1158 278 1163 278 1167 280 1167 285 1168 290
13 1164 317 1159 317 1159 321 1164 322 1169 321 1164 323 1159 323 1156 319 1156 314 1160 311 1165 311 1168 315 1166 317
13 1164 515 1159 515 1159 519 1164 520 1169 519 1164 521 1159 521 1156 517 1156 512 1160 509 1165 509 1168 513 1166 515
15 1147 323 1149 319 1149 314 1145 312 1141 316 1141 321 1141 323 1140 322 1140 317 1140 312 1141 311 1146 311 1150 313 1150 318 1151 323
12 1146 257 1141 257 1138 254 1141 251 1146 251 1147 247 1142 246 1141 245 1146 245 1149 249 1149 254 1150 257
8 1150 354 1145 356 1140 355 1138 350 1140 345 1145 344 1150 346 1151 351
13 1146 449 1141 449 1141 453 1146 454 1151 453 1146 455 1141 455 1138 451 1138 446 1142 443 1147 443 1150 447 1148 449
8 1146 521 1141 520 1141 515 1141 510 1140 509 1141 504 1142 508 1147 509
15 1146 554 1148 550 1148 545 1144 543 1140 547 1140 552 1140 554 1139 553 1139 548 1139 543 1140 542 1145 542 1149 544 1149 549 1150 554
5 1147 217 1147 222 1147 227 1142 229 1139 229
5 1143 423 1140 425 1141 420 1145 418 1143 422
11 1134 352 1130 356 1125 356 1122 356 1123 351 1123 346 1123 341 1124 340 1129 340 1134 343 1135 348
13 1129 251 1124 251 1124 255 1129 256 1134 255 1129 257 1124 257 1121 253 1121 248 1125 245 1130 245 1133 249 1131 251
12 1129 323 1124 323 1121 320 1124 317 1129 317 1130 313 1125 312 1124 311 1129 311 1132 315 1132 320 1133 323
16 1115 217 1114 222 1111 222 1108 221 1105 224 1104 219 1103 214 1103 212 1104 213 1105 218 1107 219 1110 216 1113 219 1114 214 1114 212 1115 214
4 1113 312 1109 316 1109 321 1113 323
5 1114 512 1114 517 1114 522 1111 526 1106 526
3 1111 240 1109 245 1114 245
13 1111 284 1106 284 1106 288 1111 289 1116 288 1111 290 1106 290 1103 286 1103 281 1107 278 1112 278 1115 282 1113 284
8 1111 455 1106 454 1106 449 1106 444 1105 443 1106 438 1107 442 1112 443
13 1094 218 1089 218 1089 222 1094 223 1099 222 1094 224 1089 224 1086 220 1086 215 1090 212 1095 212 1098 216 1096 218
17 1094 290 1096 286 1096 281 1092 279 1088 283 1088 288 1088 290 1087 289 1087 284 1087 279 1087 274 1088 273 1088 278 1093 278 1097 281 1097 286 1099 290
8 1094 323 1089 322 1089 317 1089 312 1088 311 1089 306 1090 310 1095 311
13 1094 416 1089 416 1089 420 1094 421 1099 420 1094 422 1089 422 1086 418 1086 413 1090 410 1095 410 1098 414 1096 416
16 1095 554 1090 554 1087 552 1089 553 1094 553 1096 549 1091 548 1087 545 1091 542 1096 542 1096 545 1092 542 1088 545 1093 547 1097 549 1096 554
4 1096 245 1094 246 1094 241 1097 240
3 1092 356 1090 353 1094 354
4 1090 245 1088 246 1088 241 1091 240
13 1077 316 1080 321 1079 323 1078 321 1073 320 1072 323 1069 322 1074 317 1070 312 1073 311 1076 315 1077 311 1082 311
5 1079 448 1077 453 1074 458 1074 460 1069 460
15 1076 224 1078 220 1078 215 1074 213 1070 217 1070 222 1070 224 1069 223 1069 218 1069 213 1070 212 1075 212 1079 214 1079 219 1080 224
8 1076 290 1071 289 1071 284 1071 279 1070 278 1071 273 1072 277 1077 278
8 1076 422 1071 421 1071 416 1071 411 1070 410 1071 405 1072 409 1077 410
16 1077 356 1072 356 1069 354 1071 355 1076 355 1078 351 1073 350 1069 347 1073 344 1078 344 1078 347 1074 344 1070 347 1075 349 1079 351 1078 356
3 1074 587 1072 584 1076 585
20 1063 585 1063 580 1061 576 1058 580 1058 585 1058 587 1057 583 1057 578 1053 577 1052 582 1053 587 1050 587 1051 582 1051 577 1051 575 1056 575 1061 575 1064 578 1064 583 1066 587
16 1063 250 1062 255 1059 255 1056 254 1053 257 1052 252 1051 247 1051 245 1052 246 1053 251 1055 252 1058 249 1061 252 1062 247 1062 245 1063 247
13 1059 317 1054 317 1054 321 1059 322 1064 321 1059 323 1054 323 1051 319 1051 314 1055 311 1060 311 1063 315 1061 317
8 1059 356 1054 355 1054 350 1054 345 1053 344 1054 339 1055 343 1060 344
12 1059 455 1054 455 1051 452 1054 449 1059 449 1060 445 1055 444 1054 443 1059 443 1062 447 1062 452 1063 455
8 1063 552 1058 554 1053 553 1051 548 1053 543 1058 542 1063 544 1064 549
16 1060 422 1055 422 1052 420 1054 421 1059 421 1061 417 1056 416 1052 413 1056 410 1061 410 1061 413 1057 410 1053 413 1058 415 1062 417 1061 422
5 1044 415 1042 420 1039 425 1039 427 1034 427
16 1045 448 1044 453 1041 453 1038 452 1035 455 1034 450 1033 445 1033 443 1034 444 1035 449 1037 450 1040 447 1043 450 1044 445 1044 443 1045 445
12 1041 224 1036 224 1033 221 1036 218 1041 218 1042 214 1037 213 1036 212 1041 212 1044 216 1044 221 1045 224
13 1041 251 1036 251 1036 255 1041 256 1046 255 1041 257 1036 257 1033 253 1033 248 1037 245 1042 245 1045 249 1043 251
13 1041 284 1036 284 1036 288 1041 289 1046 288 1041 290 1036 290 1033 286 1033 281 1037 278 1042 278 1045 282 1043 284
12 1041 356 1036 356 1033 353 1036 350 1041 350 1042 346 1037 345 1036 344 1041 344 1044 348 1044 353 1045 356
8 1045 519 1040 521 1035 520 1033 515 1035 510 1040 509 1045 511 1046 516
8 1045 552 1040 554 1035 553 1033 548 1035 543 1040 542 1045 544 1046 549
8 1024 554 1019 553 1019 548 1019 543 1018 542 1019 537 1020 541 1025 542
17 1024 587 1026 583 1026 578 1022 576 1018 580 1018 585 1018 587 1017 586 1017 581 1017 576 1017 571 1018 570 1018 575 1023 575 1027 578 1027 583 1029 587
16 1025 422 1020 422 1017 420 1019 421 1024 421 1026 417 1021 416 1017 413 1021 410 1026 410 1026 413 1022 410 1018 413 1023 415 1027 417 1026 422
8 1010 222 1005 224 1000 223 998 218 1000 213 1005 212 1010 214 1011 219
8 1010 288 1005 290 1000 289 998 284 1000 279 1005 278 1010 280 1011 285
8 1006 323 1001 322 1001 317 1001 312 1000 311 1001 306 1002 310 1007 311
4 1007 345 1003 349 1003 354 1007 356
8 1006 587 1001 586 1001 581 1001 576 1000 575 1001 570 1002 574 1007 575
13 990 224 985 224 981 221 981 216 984 212 989 212 992 210 989 207 993 208 993 213 993 218 993 223 992 224
5 992 248 992 253 992 258 989 262 984 262
5 992 413 992 418 992 423 989 427 984 427
16 993 448 992 453 989 453 986 452 983 455 982 450 981 445 981 443 982 444 983 449 985 450 988 447 991 450 992 445 992 443 993 445
13 990 290 985 290 981 286 982 281 986 278 991 278 993 281 988 278 983 281 982 286 987 290 992 288 992 289
8 993 354 988 356 983 355 981 350 983 345 988 344 993 346 994 351
10 994 518 989 521 984 520 983 525 984 526 979 526 982 523 982 518 982 513 980 509
13 989 548 984 548 984 552 989 553 994 552 989 554 984 554 981 550 981 545 985 542 990 542 993 546 991 548
16 975 316 974 321 971 321 968 320 965 323 964 318 963 313 963 311 964 312 965 317 967 318 970 315 973 318 974 313 974 311 975 313
5 974 578 974 583 974 588 971 592 966 592
15 971 257 973 253 973 248 969 246 965 250 965 255 965 257 964 256 964 251 964 246 965 245 970 245 974 247 974 252 975 257
13 971 284 966 284 966 288 971 289 976 288 971 290 966 290 963 286 963 281 967 278 972 278 975 282 973 284
3 971 339 969 344 974 344
15 971 422 973 418 973 413 969 411 965 415 965 420 965 422 964 421 964 416 964 411 965 410 970 410 974 412 974 417 975 422
8 975 453 970 455 965 454 963 449 965 444 970 443 975 445 976 450
17 971 554 973 550 973 545 969 543 965 547 965 552 965 554 964 553 964 548 964 543 964 538 965 537 965 542 970 542 974 545 974 550 976 554
8 958 222 953 224 948 223 946 218 948 213 953 212 958 214 959 219
7 941 213 940 209 935 209 935 214 935 219 936 224 937 224
8 936 323 931 322 931 317 931 312 930 311 931 306 932 310 937 311
8 936 356 931 355 931 350 931 345 930 344 931 339 932 343 937 344
8 936 422 931 421 931 416 931 411 930 410 931 405 932 409 937 410
17 936 455 938 451 938 446 934 444 930 448 930 453 930 455 929 454 929 449 929 444 929 439 930 438 930 443 935 443 939 446 939 451 941 455
17 936 521 938 517 938 512 934 510 930 514 930 519 930 521 929 520 929 515 929 510 929 505 930 504 930 509 935 509 939 512 939 517 941 521
13 920 257 915 257 911 254 911 249 914 245 919 245 922 243 919 240 923 241 923 246 923 251 923 256 922 257
13 920 554 915 554 911 551 911 546 914 542 919 542 922 540 919 537 923 538 923 543 923 548 923 553 922 554
8 923 288 918 290 913 289 911 284 913 279 918 278 923 280 924 285
14 919 323 914 323 912 318 912 313 912 311 913 315 913 320 918 322 921 318 921 313 919 311 922 313 922 318 923 323
14 919 356 914 356 912 351 912 346 912 344 913 348 913 353 918 355 921 351 921 346 919 344 922 346 922 351 923 356
10 906 320 901 323 896 322 895 327 896 328 891 328 894 325 894 320 894 315 892 311
10 906 353 901 356 896 355 895 360 896 361 891 361 894 358 894 353 894 348 892 344
4 902 411 898 415 898 420 902 422
14 901 587 896 587 894 582 894 577 894 575 895 579 895 584 900 586 903 582 903 577 901 575 904 577 904 582 905 587
3 899 224 897 221 901 222
8 884 323 879 322 879 317 879 312 878 311 879 306 880 310 885 311
15 884 356 886 352 886 347 882 345 878 349 878 354 878 356 877 355 877 350 877 345 878 344 883 344 887 346 887 351 888 356
13 884 416 879 416 879 420 884 421 889 420 884 422 879 422 876 418 876 413 880 410 885 410 888 414 886 416
8 888 453 883 455 878 454 876 449 878 444 883 443 888 445 889 450
13 884 515 879 515 879 519 884 520 889 519 884 521 879 521 876 517 876 512 880 509 885 509 888 513 886 515
20 870 288 870 283 868 279 865 283 865 288 865 290 864 286 864 281 860 280 859 285 860 290 857 290 858 285 858 280 858 278 863 278 868 278 871 281 871 286 873 290
5 869 250 867 255 864 260 864 262 859 262
13 867 587 862 587 858 584 858 579 861 575 866 575 869 573 866 570 870 571 870 576 870 581 870 586 869 587
14 866 323 861 323 859 318 859 313 859 311 860 315 860 320 865 322 868 318 868 313 866 311 869 313 869 318 870 323
10 871 419 866 422 861 421 860 426 861 427 856 427 859 424 859 419 859 414 857 410
8 866 455 861 454 861 449 861 444 860 443 861 438 862 442 867 443
14 866 554 861 554 859 549 859 544 859 542 860 546 860 551 865 553 868 549 868 544 866 542 869 544 869 549 870 554
13 849 218 844 218 844 222 849 223 854 222 849 224 844 224 841 220 841 215 845 212 850 212 853 216 851 218
8 854 254 849 257 844 256 839 257 842 254 842 249 842 244 840 240
12 849 290 844 290 841 287 844 284 849 284 850 280 845 279 844 278 849 278 852 282 852 287 853 290
8 853 321 848 323 843 322 841 317 843 312 848 311 853 313 854 318
8 853 420 848 422 843 421 841 416 843 411 848 410 853 412 854 417
8 854 551 849 554 844 553 839 554 842 551 842 546 842 541 840 537
13 849 581 844 581 844 585 849 586 854 585 849 587 844 587 841 583 841 578 845 575 850 575 853 579 851 581
16 835 217 834 222 831 222 828 221 825 224 824 219 823 214 823 212 824 213 825 218 827 219 830 216 833 219 834 214 834 212 835 214
5 834 349 832 354 829 359 829 361 824 361
4 832 279 828 283 828 288 832 290
13 831 449 826 449 826 453 831 454 836 453 831 455 826 455 823 451 823 446 827 443 832 443 835 447 833 449
17 831 587 833 583 833 578 829 576 825 580 825 585 825 587 824 586 824 581 824 576 824 571 825 570 825 575 830 575 834 578 834 583 836 587
5 817 281 817 286 817 291 814 295 809 295
4 815 521 812 516 810 519 807 521
4 815 312 811 316 811 321 815 323
4 815 345 811 349 811 354 815 356
15 814 422 816 418 816 413 812 411 808 415 808 420 808 422 807 421 807 416 807 411 808 410 813 410 817 412 817 417 818 422
8 814 455 809 454 809 449 809 444 808 443 809 438 810 442 815 443
8 818 552 813 554 808 553 806 548 808 543 813 542 818 544 819 549
16 815 257 810 257 807 255 809 256 814 256 816 252 811 251 807 248 811 245 816 245 816 248 812 245 808 248 813 250 817 252 816 257
16 815 587 810 587 807 585 809 586 814 586 816 582 811 581 807 578 811 575 816 575 816 578 812 575 808 578 813 580 817 582 816 587
20 800 255 800 250 798 246 795 250 795 255 795 257 794 253 794 248 790 247 789 252 790 257 787 257 788 252 788 247 788 245 793 245 798 245 801 248 801 253 803 257
5 799 215 799 220 799 225 796 229 791 229
8 800 288 795 290 790 289 788 284 790 279 795 278 800 280 801 285
13 796 317 791 317 791 321 796 322 801 321 796 323 791 323 788 319 788 314 792 311 797 311 800 315 798 317
12 796 356 791 356 788 353 791 350 796 350 797 346 792 345 791 344 796 344 799 348 799 353 800 356
13 796 416 791 416 791 420 796 421 801 420 796 422 791 422 788 418 788 413 792 410 797 410 800 414 798 416
12 796 455 791 455 788 452 791 449 796 449 797 445 792 444 791 443 796 443 799 447 799 452 800 455
15 779 224 781 220 781 215 777 213 773 217 773 222 773 224 772 223 772 218 772 213 773 212 778 212 782 214 782 219 783 224
4 780 279 776 283 776 288 780 290
8 779 323 774 322 774 317 774 312 773 311 774 306 775 310 780 311
15 779 356 781 352 781 347 777 345 773 349 773 354 773 356 772 355 772 350 772 345 773 344 778 344 782 346 782 351 783 356
8 779 455 774 454 774 449 774 444 773 443 774 438 775 442 780 443
15 779 521 781 517 781 512 777 510 773 514 773 519 773 521 772 520 772 515 772 510 773 509 778 509 782 511 782 516 783 521
15 779 587 781 583 781 578 777 576 773 580 773 585 773 587 772 586 772 581 772 576 773 575 778 575 782 577 782 582 783 587
4 762 246 758 250 758 255 762 257
10 766 287 761 290 756 289 755 294 756 295 751 295 754 292 754 287 754 282 752 278
4 762 543 758 547 758 552 762 554
5 747 248 747 253 747 258 744 262 739 262
17 744 224 746 220 746 215 742 213 738 217 738 222 738 224 737 223 737 218 737 213 737 208 738 207 738 212 743 212 747 215 747 220 749 224
14 744 323 739 323 737 318 737 313 737 311 738 315 738 320 743 322 746 318 746 313 744 311 747 313 747 318 748 323
8 749 353 744 356 739 355 734 356 737 353 737 348 737 343 735 339
14 744 554 739 554 737 549 737 544 737 542 738 546 738 551 743 553 746 549 746 544 744 542 747 544 747 549 748 554
3 744 570 742 575 747 575
16 745 455 740 455 737 453 739 454 744 454 746 450 741 449 737 446 741 443 746 443 746 446 742 443 738 446 743 448 747 450 746 455
5 729 283 727 288 724 293 724 295 719 295
8 726 224 721 223 721 218 721 213 720 212 721 207 722 211 727 212
8 730 255 725 257 720 256 718 251 720 246 725 245 730 247 731 252
13 726 449 721 449 721 453 726 454 731 453 726 455 721 455 718 451 718 446 722 443 727 443 730 447 728 449
8 730 519 725 521 720 520 718 515 720 510 725 509 730 511 731 516
8 730 552 725 554 720 553 718 548 720 543 725 542 730 544 731 549
5 723 423 720 425 721 420 725 418 723 422
4 710 246 706 250 706 255 710 257
4 710 279 706 283 706 288 710 290
13 710 323 705 323 701 319 702 314 706 311 711 311 713 314 708 311 703 314 702 319 707 323 712 321 712 322
4 710 345 706 349 706 354 710 356
13 709 416 704 416 704 420 709 421 714 420 709 422 704 422 701 418 701 413 705 410 710 410 713 414 711 416
17 709 455 711 451 711 446 707 444 703 448 703 453 703 455 702 454 702 449 702 444 702 439 703 438 703 443 708 443 712 446 712 451 714 455
8 709 521 704 520 704 515 704 510 703 509 704 504 705 508 710 509
8 709 554 704 553 704 548 704 543 703 542 704 537 705 541 710 542
13 709 581 704 581 704 585 709 586 714 585 709 587 704 587 701 583 701 578 705 575 710 575 713 579 711 581
13 694 579 692 584 688 587 686 582 684 577 682 575 687 575 686 579 688 584 691 583 693 578 691 575 696 575
13 691 218 686 218 686 222 691 223 696 222 691 224 686 224 683 220 683 215 687 212 692 212 695 216 693 218
10 696 254 691 257 686 256 685 261 686 262 681 262 684 259 684 254 684 249 682 245
13 691 284 686 284 686 288 691 289 696 288 691 290 686 290 683 286 683 281 687 278 692 278 695 282 693 284
8 695 354 690 356 685 355 683 350 685 345 690 344 695 346 696 351
4 692 411 688 415 688 420 692 422
13 691 548 686 548 686 552 691 553 696 552 691 554 686 554 683 550 683 545 687 542 692 542 695 546 693 548
13 677 282 675 287 671 290 669 285 667 280 665 278 670 278 669 282 671 287 674 286 676 281 674 278 679 278
13 675 554 670 554 666 551 666 546 669 542 674 542 677 540 674 537 678 538 678 543 678 548 678 553 677 554
15 674 224 676 220 676 215 672 213 668 217 668 222 668 224 667 223 667 218 667 213 668 212 673 212 677 214 677 219 678 224
8 674 323 669 322 669 317 669 312 668 311 669 306 670 310 675 311
12 674 422 669 422 666 419 669 416 674 416 675 412 670 411 669 410 674 410 677 414 677 419 678 422
8 674 455 669 454 669 449 669 444 668 443 669 438 670 442 675 443
13 674 515 669 515 669 519 674 520 679 519 674 521 669 521 666 517 666 512 670 509 675 509 678 513 676 515
5 673 575 671 578 671 573 672 570 674 573
13 657 257 652 257 648 254 648 249 651 245 656 245 659 243 656 240 660 241 660 246 660 251 660 256 659 257
16 660 415 659 420 656 420 653 419 650 422 649 417 648 412 648 410 649 411 650 416 652 417 655 414 658 417 659 412 659 410 660 412
8 660 222 655 224 650 223 648 218 650 213 655 212 660 214 661 219
13 656 284 651 284 651 288 656 289 661 288 656 290 651 290 648 286 648 281 652 278 657 278 660 282 658 284
4 657 345 653 349 653 354 657 356
13 657 521 652 521 648 517 649 512 653 509 658 509 660 512 655 509 650 512 649 517 654 521 659 519 659 520
14 656 587 651 587 649 582 649 577 649 575 650 579 650 584 655 586 658 582 658 577 656 575 659 577 659 582 660 587
5 655 311 653 314 653 309 654 306 656 309
5 655 443 653 446 653 441 654 438 656 441
15 639 323 641 319 641 314 637 312 633 316 633 321 633 323 632 322 632 317 632 312 633 311 638 311 642 313 642 318 643 323
12 639 356 634 356 631 353 634 350 639 350 640 346 635 345 634 344 639 344 642 348 642 353 643 356
8 639 422 634 421 634 416 634 411 633 410 634 405 635 409 640 410
15 639 455 641 451 641 446 637 444 633 448 633 453 633 455 632 454 632 449 632 444 633 443 638 443 642 445 642 450 643 455
15 639 521 641 517 641 512 637 510 633 514 633 519 633 521 632 520 632 515 632 510 633 509 638 509 642 511 642 516 643 521
13 412 224 407 224 403 220 404 215 408 212 413 212 415 215 410 212 405 215 404 220 409 224 414 222 414 223
8 411 290 406 289 406 284 406 279 405 278 406 273 407 277 412 278
12 411 422 406 422 403 419 406 416 411 416 412 412 407 411 406 410 411 410 414 414 414 419 415 422
17 411 455 413 451 413 446 409 444 405 448 405 453 405 455 404 454 404 449 404 444 404 439 405 438 405 443 410 443 414 446 414 451 416 455
5 408 324 405 326 406 321 410 319 408 323
12 394 224 389 224 386 221 389 218 394 218 395 214 390 213 389 212 394 212 397 216 397 221 398 224
15 394 257 396 253 396 248 392 246 388 250 388 255 388 257 387 256 387 251 387 246 388 245 393 245 397 247 397 252 398 257
15 394 323 396 319 396 314 392 312 388 316 388 321 388 323 387 322 387 317 387 312 388 311 393 311 397 313 397 318 398 323
15 394 356 396 352 396 347 392 345 388 349 388 354 388 356 387 355 387 350 387 345 388 344 393 344 397 346 397 351 398 356
13 394 383 389 383 389 387 394 388 399 387 394 389 389 389 386 385 386 380 390 377 395 377 398 381 396 383
8 394 455 389 454 389 449 389 444 388 443 389 438 390 442 395 443
13 394 482 389 482 389 486 394 487 399 486 394 488 389 488 386 484 386 479 390 476 395 476 398 480 396 482
8 398 519 393 521 388 520 386 515 388 510 393 509 398 511 399 516
13 394 581 389 581 389 585 394 586 399 585 394 587 389 587 386 583 386 578 390 575 395 575 398 579 396 581
16 380 316 379 321 376 321 373 320 370 323 369 318 368 313 368 311 369 312 370 317 372 318 375 315 378 318 379 313 379 311 380 313
13 379 381 377 386 373 389 371 384 369 379 367 377 372 377 371 381 373 386 376 385 378 380 376 377 381 377
13 376 218 371 218 371 222 376 223 381 222 376 224 371 224 368 220 368 215 372 212 377 212 380 216 378 218
12 376 257 371 257 368 254 371 251 376 251 377 247 372 246 371 245 376 245 379 249 379 254 380 257
8 376 290 371 289 371 284 371 279 370 278 371 273 372 277 377 278
15 376 422 378 418 378 413 374 411 370 415 370 420 370 422 369 421 369 416 369 411 370 410 375 410 379 412 379 417 380 422
17 376 488 378 484 378 479 374 477 370 481 370 486 370 488 369 487 369 482 369 477 369 472 370 471 370 476 375 476 379 479 379 484 381 488
8 380 519 375 521 370 520 368 515 370 510 375 509 380 511 381 516
15 376 554 378 550 378 545 374 543 370 547 370 552 370 554 369 553 369 548 369 543 370 542 375 542 379 544 379 549 380 554
17 376 587 378 583 378 578 374 576 370 580 370 585 370 587 369 586 369 581 369 576 369 571 370 570 370 575 375 575 379 578 379 583 381 587
5 362 413 362 418 362 423 359 427 354 427
16 363 448 362 453 359 453 356 452 353 455 352 450 351 445 351 443 352 444 353 449 355 450 358 447 361 450 362 445 362 443 363 445
17 359 257 361 253 361 248 357 246 353 250 353 255 353 257 352 256 352 251 352 246 352 241 353 240 353 245 358 245 362 248 362 253 364 257
13 360 290 355 290 351 286 352 281 356 278 361 278 363 281 358 278 353 281 352 286 357 290 362 288 362 289
8 341 356 336 355 336 350 336 345 335 344 336 339 337 343 342 344
8 341 389 336 388 336 383 336 378 335 377 336 372 337 376 342 377
4 325 224 322 219 320 222 317 224
4 325 323 322 318 320 321 317 323
5 327 448 325 453 322 458 322 460 317 460
13 325 488 320 488 316 485 316 480 319 476 324 476 327 474 324 471 328 472 328 477 328 482 328 487 327 488
10 329 287 324 290 319 289 318 294 319 295 314 295 317 292 317 287 317 282 315 278
13 325 389 320 389 316 385 317 380 321 377 326 377 328 380 323 377 318 380 317 385 322 389 327 387 327 388
13 324 515 319 515 319 519 324 520 329 519 324 521 319 521 316 517 316 512 320 509 325 509 328 513 326 515
13 324 548 319 548 319 552 324 553 329 552 324 554 319 554 316 550 316 545 320 542 325 542 328 546 326 548
3 324 570 322 575 327 575
16 325 356 320 356 317 354 319 355 324 355 326 351 321 350 317 347 321 344 326 344 326 347 322 344 318 347 323 349 327 351 326 356
16 325 422 320 422 317 420 319 421 324 421 326 417 321 416 317 413 321 410 326 410 326 413 322 410 318 413 323 415 327 417 326 422
12 306 224 301 224 298 221 301 218 306 218 307 214 302 213 301 212 306 212 309 216 309 221 310 224
4 307 246 303 250 303 255 307 257
13 306 283 309 288 308 290 307 288 302 287 301 290 298 289 303 284 299 279 302 278 305 282 306 278 311 278
15 306 323 308 319 308 314 304 312 300 316 300 321 300 323 299 322 299 317 299 312 300 311 305 311 309 313 309 318 310 323
12 306 389 301 389 298 386 301 383 306 383 307 379 302 378 301 377 306 377 309 381 309 386 310 389
13 306 416 301 416 301 420 306 421 311 420 306 422 301 422 298 418 298 413 302 410 307 410 310 414 308 416
8 310 585 305 587 300 586 298 581 300 576 305 575 310 577 311 582
16 307 521 302 521 299 519 301 520 306 520 308 516 303 515 299 512 303 509 308 509 308 512 304 509 300 512 305 514 309 516 308 521
13 290 356 285 356 281 353 281 348 284 344 289 344 292 342 289 339 293 340 293 345 293 350 293 355 292 356
11 294 418 290 422 285 422 282 422 283 417 283 412 283 407 284 406 289 406 294 409 295 414
9 293 509 293 514 292 519 287 521 282 519 282 514 282 509 280 505 285 505
13 289 251 284 251 284 255 289 256 294 255 289 257 284 257 281 253 281 248 285 245 290 245 293 249 291 251
7 293 290 288 290 283 290 282 289 282 284 282 279 281 274
14 289 323 284 323 282 318 282 313 282 311 283 315 283 320 288 322 291 318 291 313 289 311 292 313 292 318 293 323
4 290 378 286 382 286 387 290 389
8 254 389 249 388 249 383 249 378 248 377 249 372 250 376 255 377
5 221 316 219 321 216 326 216 328 211 328
4 219 246 215 250 215 255 219 257
4 219 477 215 481 215 486 219 488
8 218 554 213 553 213 548 213 543 212 542 213 537 214 541 219 542
16 219 587 214 587 211 585 213 586 218 586 220 582 215 581 211 578 215 575 220 575 220 578 216 575 212 578 217 580 221 582 220 587
1000 300