3 1480 290 1482 287 1482 289
5 1476 423 1473 425 1474 420 1478 418 1476 422
3 1464 413 1465 410 1465 413
8 1448 547 1447 552 1444 552 1441 551 1438 554 1437 549 1436 544 1438 542
3 1442 323 1440 320 1444 321
5 1423 291 1420 293 1421 288 1425 286 1423 290
3 1410 224 1412 221 1412 223
3 1375 455 1377 452 1377 454
4 1309 452 1304 455 1308 451 1309 447
3 1305 356 1307 353 1307 355
3 1272 446 1273 443 1273 446
3 1270 554 1272 552 1272 553
3 1270 356 1272 353 1272 355
3 1267 257 1265 254 1269 255
4 1256 518 1251 521 1255 517 1256 513
3 1252 455 1254 452 1254 454
4 1253 245 1251 246 1251 241 1254 240
4 1247 245 1245 246 1245 241 1248 240
4 1239 221 1234 224 1238 220 1239 216
4 1239 419 1234 422 1238 418 1239 414
4 1239 551 1234 554 1238 550 1239 546
3 1235 257 1237 254 1237 256
3 1216 547 1219 552 1220 554
3 1217 323 1219 320 1219 322
5 1196 225 1193 227 1194 222 1198 220 1196 224
4 1186 221 1181 224 1185 220 1186 216
4 1186 287 1181 290 1185 286 1186 282
3 1182 455 1184 453 1184 454
5 1180 344 1178 347 1178 342 1179 339 1181 342
8 1147 217 1147 222 1147 227 1145 227 1146 222 1146 217 1145 212 1147 215
5 1143 423 1140 425 1141 420 1145 418 1143 422
3 1130 422 1132 419 1132 421
8 1115 217 1114 222 1111 222 1108 221 1105 224 1104 219 1103 214 1105 212
3 1095 554 1097 551 1097 553
4 1096 245 1094 246 1094 241 1097 240
3 1092 356 1090 353 1094 354
4 1090 245 1088 246 1088 241 1091 240
3 1077 316 1080 321 1081 323
3 1079 446 1080 443 1080 446
3 1077 356 1079 353 1079 355
3 1074 587 1072 584 1076 585
8 1063 250 1062 255 1059 255 1056 254 1053 257 1052 252 1051 247 1053 245
3 1060 422 1062 419 1062 421
3 1044 413 1045 410 1045 413
8 1045 448 1044 453 1041 453 1038 452 1035 455 1034 450 1033 445 1035 443
3 1025 422 1027 419 1027 421
8 993 448 992 453 989 453 986 452 983 455 982 450 981 445 983 443
3 990 290 992 288 992 289
4 994 518 989 521 993 517 994 513
8 975 316 974 321 971 321 968 320 965 323 964 318 963 313 965 311
4 959 287 954 290 958 286 959 282
3 941 213 940 209 941 210
3 920 587 922 584 922 586
4 906 320 901 323 905 319 906 315
4 906 353 901 356 905 352 906 348
3 899 224 897 221 901 222
3 869 248 870 245 870 248
4 871 419 866 422 870 418 871 414
4 854 254 849 257 853 253 854 249
4 854 551 849 554 853 550 854 546
8 835 217 834 222 831 222 828 221 825 224 824 219 823 214 825 212
3 834 347 835 344 835 347
3 815 257 817 254 817 256
3 815 587 817 584 817 586
3 797 521 799 518 799 520
4 766 287 761 290 765 286 766 282
4 749 353 744 356 748 352 749 348
3 745 455 747 452 747 454
3 729 281 730 278 730 281
5 723 423 720 425 721 420 725 418 723 422
3 710 323 712 321 712 322
4 696 254 691 257 695 253 696 249
5 673 575 671 578 671 573 672 570 674 573
8 660 415 659 420 656 420 653 419 650 422 649 417 648 412 650 410
3 657 521 659 519 659 520
5 655 311 653 314 653 309 654 306 656 309
5 655 443 653 446 653 441 654 438 656 441
3 624 578 625 575 625 578
3 587 422 589 419 589 421
3 567 323 565 320 569 321
3 567 455 565 452 569 453
3 552 455 554 452 554 454
3 535 257 537 255 537 256
4 539 287 534 290 538 286 539 282
3 535 356 537 354 537 355
4 521 518 516 521 520 517 521 513
3 514 389 512 386 516 387
3 502 347 503 344 503 347
8 485 448 484 453 481 453 478 452 475 455 474 450 473 445 475 443
4 486 254 481 257 485 253 486 249
4 486 419 481 422 485 418 486 414
3 467 545 468 542 468 545
4 469 221 464 224 468 220 469 216
4 469 386 464 389 468 385 469 381
4 451 320 446 323 450 319 451 315
3 430 257 432 255 432 256
3 430 521 432 518 432 520
3 427 488 425 485 429 486
3 412 224 414 222 414 223
5 408 324 405 326 406 321 410 319 408 323
8 380 316 379 321 376 321 373 320 370 323 369 318 368 313 370 311
8 363 448 362 453 359 453 356 452 353 455 352 450 351 445 353 443
3 360 290 362 288 362 289
3 327 446 328 443 328 446
4 329 287 324 290 328 286 329 282
3 325 389 327 387 327 388
3 325 356 327 353 327 355
3 325 422 327 419 327 421
3 306 283 309 288 310 290
3 307 521 309 518 309 520
3 293 290 293 286 294 290
5 286 555 283 557 284 552 288 550 286 554
4 259 485 254 488 258 484 259 480
3 255 554 257 551 257 553
3 221 314 222 311 222 314
3 219 587 221 584 221 586
